1515717729.000000, IBI
12.781835,0.609403
13.453741,0.671906
14.141272,0.687531
14.922558,0.781286
15.766347,0.843789
16.672638,0.906291
17.547678,0.875040
18.438344,0.890666
19.157127,0.718783
19.907161,0.750034
20.657196,0.750034
21.391604,0.734409
22.172890,0.781286
23.110433,0.937543
35.407871,0.718783
36.111028,0.703157
36.845437,0.734409
37.626722,0.781286
38.376757,0.750034
39.189294,0.812537
39.829948,0.640654
44.298903,0.718783
45.048937,0.750034
45.767720,0.718783
46.517754,0.750034
47.236537,0.718783
48.033449,0.796911
51.908626,0.625029
52.643035,0.734409
63.768544,0.578151
73.300230,0.578151
73.894007,0.593777
74.519036,0.625029
75.159690,0.640654
75.800345,0.640654
76.456625,0.656280
77.097279,0.640654
77.753559,0.656280
78.394213,0.640654
79.034868,0.640654
79.644271,0.609403
80.300551,0.656280
80.925579,0.625029
81.597485,0.671906
82.222514,0.625029
82.863168,0.640654
91.566691,0.578151
92.129217,0.562526
92.754246,0.625029
93.379274,0.625029
93.973052,0.593777
94.598080,0.625029
95.223109,0.625029
95.848137,0.625029
96.457540,0.609403
97.066943,0.609403
97.645095,0.578151
98.238872,0.593777
98.801398,0.562526
99.363923,0.562526
99.988952,0.625029
100.551478,0.562526
101.129629,0.578151
101.723406,0.593777
102.348435,0.625029
102.973464,0.625029
103.598492,0.625029
104.207895,0.609403
104.817298,0.609403
105.457952,0.640654
106.082981,0.625029
106.723635,0.640654
107.348664,0.625029
108.004944,0.656280
108.598721,0.593777
109.223750,0.625029
109.864404,0.640654
110.520684,0.656280
111.145713,0.625029
111.786367,0.640654
112.380144,0.593777
113.005173,0.625029
121.833702,0.562526
122.521233,0.687531
123.130636,0.609403
123.755665,0.625029
145.225398,0.562526
145.787923,0.562526
146.366075,0.578151
146.959852,0.593777
147.553629,0.593777
148.163032,0.609403
148.788061,0.625029
149.444341,0.656280
149.991241,0.546900
150.647521,0.656280
153.678910,0.593777
154.272687,0.593777
154.866464,0.593777
155.444615,0.578151
156.007141,0.562526
156.616544,0.609403
157.210321,0.593777
157.835350,0.625029
158.476004,0.640654
159.069781,0.593777
159.726061,0.656280
160.476096,0.750034
161.022996,0.546900
161.694901,0.671906
162.319930,0.625029
162.960584,0.640654
163.585613,0.625029
164.273144,0.687531
164.945050,0.671906
165.538827,0.593777
166.179482,0.640654
166.835762,0.656280
167.476416,0.640654
168.054568,0.578151
168.648345,0.593777
169.273373,0.625029
169.867151,0.593777
170.460928,0.593777
171.054705,0.593777
171.648482,0.593777
172.211008,0.562526
172.773534,0.562526
173.367311,0.593777
173.898585,0.531274
174.445485,0.546900
174.961134,0.515649
175.523659,0.562526
183.649031,0.546900
184.274060,0.625029
184.820960,0.546900
185.383486,0.562526
185.992889,0.609403
186.571040,0.578151
187.133566,0.562526
187.711717,0.578151
188.305495,0.593777
188.883646,0.578151
189.508675,0.625029
190.149329,0.640654
190.774358,0.625029
191.415012,0.640654
192.055666,0.640654
192.711946,0.656280
193.368226,0.656280
194.008881,0.640654
194.649535,0.640654
195.243312,0.593777
195.883966,0.640654
196.540246,0.656280
217.556834,0.562526
218.088108,0.531274
218.650634,0.562526
219.244411,0.593777
219.822562,0.578151
220.416339,0.593777
221.010117,0.593777
221.619519,0.609403
222.260174,0.640654
222.807074,0.546900
223.510231,0.703157
228.697968,0.593777
229.244869,0.546900
229.807394,0.562526
230.369920,0.562526
230.932446,0.562526
231.541849,0.609403
232.151252,0.609403
232.791906,0.640654
233.416934,0.625029
234.073215,0.656280
234.666992,0.593777
235.276395,0.609403
235.885798,0.609403
236.557703,0.671906
237.135855,0.578151
237.714006,0.578151
238.245281,0.531274
241.573558,0.531274
253.620984,0.593777
254.199136,0.578151
254.777287,0.578151
255.371064,0.593777
256.011719,0.640654
256.636747,0.625029
257.246150,0.609403
257.871179,0.625029
258.480582,0.609403
259.089985,0.609403
259.699388,0.609403
260.293165,0.593777
260.918193,0.625029
261.496345,0.578151
262.090122,0.593777
262.699525,0.609403
263.293302,0.593777
263.918331,0.625029
264.527734,0.609403
272.543725,0.578151
273.090626,0.546900
273.653151,0.562526
274.340683,0.687531
281.028489,0.546900
281.591015,0.562526
282.091038,0.500023
282.700440,0.609403
283.216089,0.515649
283.716112,0.500023
284.309889,0.593777
284.825538,0.515649
285.403689,0.578151
285.934963,0.531274
286.575618,0.640654
287.075641,0.500023
287.763172,0.687531
290.622678,0.578151
291.216455,0.593777
291.825858,0.609403
294.544733,0.515649
295.044755,0.500023
295.576030,0.531274
296.107304,0.531274
296.685456,0.578151
297.216730,0.531274
297.826133,0.609403
298.388659,0.562526
298.982436,0.593777
299.544961,0.562526
300.123113,0.578151
300.716890,0.593777
301.263790,0.546900
301.732562,0.468771
307.451573,0.609403
308.045351,0.593777
308.592251,0.546900
309.123525,0.531274
309.717302,0.593777
310.264202,0.546900
310.842354,0.578151
311.373628,0.531274
311.936154,0.562526
312.467428,0.531274
312.998702,0.531274
320.483420,0.546900
321.077197,0.593777
321.608471,0.531274
322.186623,0.578151
322.733523,0.546900
323.296049,0.562526
323.842949,0.546900
324.405474,0.562526
324.968000,0.562526
325.514900,0.546900
326.046175,0.531274
326.608700,0.562526
327.155600,0.546900
327.718126,0.562526
328.218149,0.500023
328.702546,0.484397
329.218195,0.515649
329.765095,0.546900
330.280743,0.515649
330.843269,0.562526
331.405795,0.562526
332.015198,0.609403
332.593349,0.578151
333.155875,0.562526
333.749652,0.593777
334.359055,0.609403
334.968458,0.609403
335.577861,0.609403
336.171638,0.593777
336.781041,0.609403
337.359192,0.578151
337.921718,0.562526
338.515495,0.593777
339.093647,0.578151
339.703050,0.609403
340.249950,0.546900
340.828101,0.578151
341.390627,0.562526
341.906276,0.515649
347.625287,0.515649
348.234690,0.609403
348.828467,0.593777
353.656813,0.906291
354.328719,0.671906
364.985457,0.546900
365.454228,0.468771
365.985503,0.531274
366.407397,0.421894
366.813666,0.406269
373.642103,0.500023
374.189003,0.546900
374.798406,0.609403
407.768665,0.453146
408.268688,0.500023
408.768711,0.500023
409.221857,0.453146
409.737505,0.515649
410.159400,0.421894
410.628171,0.468771
411.190697,0.562526
411.596966,0.406269
412.175117,0.578151
412.597011,0.421894
413.081409,0.484397
416.409686,0.468771
416.894083,0.484397
417.362854,0.468771
421.628675,0.484397
422.081820,0.453146
422.534966,0.453146
423.019363,0.484397
423.472509,0.453146
423.941281,0.468771
424.363175,0.421894
424.847572,0.484397
425.269466,0.421894
425.753864,0.484397
426.175758,0.421894
426.660155,0.484397
427.066424,0.406269
427.566447,0.500023
427.957089,0.390643
428.394609,0.437520
428.863381,0.468771
429.285275,0.421894
429.707170,0.421894
430.160315,0.453146
430.613461,0.453146
431.097858,0.484397
431.519753,0.421894
431.957273,0.437520
435.160544,0.484397
435.582438,0.421894
436.035584,0.453146
436.504356,0.468771
451.286282,0.562526
451.833182,0.546900
452.364457,0.531274
452.942608,0.578151
456.395891,0.593777
457.005294,0.609403
457.599071,0.593777
458.177223,0.578151
458.786626,0.609403
459.396029,0.609403
459.989806,0.593777
460.567957,0.578151
461.177360,0.609403
461.786763,0.609403
462.380540,0.593777
462.974317,0.593777
463.599346,0.625029
464.208749,0.609403
464.818152,0.609403
465.474432,0.656280
466.099460,0.625029
466.677612,0.578151
467.349518,0.671906
467.974546,0.625029
468.583949,0.609403
469.193352,0.609403
469.787129,0.593777
470.365281,0.578151
470.959058,0.593777
471.552835,0.593777
478.584407,0.687531
479.225061,0.640654
479.896967,0.671906
480.537621,0.640654
481.193901,0.656280
481.850181,0.656280
482.475210,0.625029
483.131490,0.656280
483.803396,0.671906
484.459676,0.656280
485.147207,0.687531
485.803487,0.656280
486.491019,0.687531
487.116047,0.625029
487.756702,0.640654
488.428607,0.671906
489.084888,0.656280
489.725542,0.640654
490.397448,0.671906
490.975599,0.578151
491.678756,0.703157
492.319411,0.640654
493.006942,0.687531
493.631971,0.625029
499.710374,0.609403
500.335402,0.625029
500.960431,0.625029
501.632337,0.671906
502.319868,0.687531
503.023026,0.703157
503.741808,0.718783
504.429340,0.687531
505.148123,0.718783
505.866906,0.718783
506.554437,0.687531
507.241969,0.687531
507.929500,0.687531
508.663909,0.734409
509.320189,0.656280
509.945217,0.625029
515.320463,0.640654
516.039246,0.718783
516.789281,0.750034
517.414309,0.625029
518.164344,0.750034
518.883126,0.718783
519.492529,0.609403
520.164435,0.671906
520.805089,0.640654
521.492621,0.687531
522.148901,0.656280
522.820807,0.671906
523.430210,0.609403
524.133367,0.703157
524.774021,0.640654
525.430301,0.656280
526.102207,0.671906
526.774113,0.671906
527.446018,0.671906
528.117924,0.671906
528.805456,0.687531
529.461736,0.656280
530.133641,0.671906
530.805547,0.671906
531.461827,0.656280
532.118107,0.656280
532.805639,0.687531
533.446293,0.640654
534.118199,0.671906
534.758853,0.640654
535.415133,0.656280
536.071413,0.656280
536.727693,0.656280
537.368348,0.640654
538.040253,0.671906
538.727785,0.687531
539.399691,0.671906
540.055971,0.656280
540.712251,0.656280
541.384156,0.671906
542.071688,0.687531
542.712342,0.640654
543.368622,0.656280
544.056154,0.687531
544.743685,0.687531
545.384340,0.640654
546.040620,0.656280
546.696900,0.656280
547.337554,0.640654
553.025314,0.593777
553.634717,0.609403
554.181617,0.546900
554.791020,0.609403
555.337920,0.546900
555.900446,0.562526
556.462972,0.562526
557.009872,0.546900
557.556772,0.546900
558.119298,0.562526
558.681823,0.562526
559.244349,0.562526
559.838126,0.593777
560.431903,0.593777
561.025681,0.593777
561.603832,0.578151
562.213235,0.609403
562.838264,0.625029
563.432041,0.593777
564.057069,0.625029
564.635221,0.578151
565.228998,0.593777
565.807149,0.578151
566.447804,0.640654
567.025955,0.578151
567.604107,0.578151
568.213510,0.609403
568.838538,0.625029
569.401064,0.562526
569.963590,0.562526
578.635862,0.593777
579.214013,0.578151
579.792165,0.578151
580.339065,0.546900
580.995345,0.656280
581.526619,0.531274
582.151648,0.625029
582.698548,0.546900
583.307950,0.609403
592.839637,0.468771
593.402163,0.562526
593.933437,0.531274
594.542840,0.609403
595.011611,0.468771
595.558511,0.546900
596.058534,0.500023
596.589808,0.531274
597.121083,0.531274
597.683609,0.562526
607.684066,0.546900
608.215341,0.531274
608.699738,0.484397
609.215386,0.515649
609.715409,0.500023
610.231058,0.515649
610.824835,0.593777
611.387361,0.562526
611.996764,0.609403
612.481161,0.484397
613.074938,0.593777
613.668715,0.593777
614.215615,0.546900
614.871895,0.656280
615.450047,0.578151
618.387681,0.578151
618.965833,0.578151
619.590861,0.625029
620.169013,0.578151
620.778416,0.609403
621.403444,0.625029
621.950344,0.546900
622.544122,0.593777
623.169150,0.625029
623.872307,0.703157
633.122731,0.546900
633.825888,0.703157
634.372788,0.546900
634.997817,0.625029
635.779102,0.781286
641.513740,0.609403
642.123143,0.609403
642.732546,0.609403
643.341949,0.609403
643.920100,0.578151
644.467000,0.546900
645.060777,0.593777
645.685806,0.625029
646.263957,0.578151
646.904612,0.640654
647.482763,0.578151
648.029663,0.546900
648.639066,0.609403
652.295483,0.578151
652.983015,0.687531
658.373887,0.687531
662.420947,0.625029
662.952221,0.531274
663.561624,0.609403
664.139776,0.578151
664.811681,0.671906
665.342956,0.531274
665.936733,0.593777
666.468007,0.531274
667.077410,0.609403
667.655561,0.578151
668.218087,0.562526
668.764987,0.546900
669.358764,0.593777
