1513727400.000000, IBI
12.281812,0.718783
12.922467,0.640654
13.609998,0.687531
14.266278,0.656280
14.938184,0.671906
15.594464,0.656280
16.250744,0.656280
16.891398,0.640654
17.594555,0.703157
18.313338,0.718783
19.032121,0.718783
19.719653,0.687531
20.375933,0.656280
21.016587,0.640654
21.672867,0.656280
22.329147,0.656280
22.969801,0.640654
23.594830,0.625029
24.219859,0.625029
24.829262,0.609403
25.501167,0.671906
26.219950,0.718783
26.860605,0.640654
27.501259,0.640654
28.157539,0.656280
28.813819,0.656280
29.454473,0.640654
30.142005,0.687531
30.782659,0.640654
31.423313,0.640654
32.048342,0.625029
32.642119,0.593777
33.220271,0.578151
33.798422,0.578151
34.392199,0.593777
35.001602,0.609403
35.626631,0.625029
36.267285,0.640654
36.923565,0.656280
37.548594,0.625029
38.189248,0.640654
38.829902,0.640654
39.470557,0.640654
43.251980,0.593777
43.908260,0.656280
44.580166,0.671906
45.220820,0.640654
45.908351,0.687531
46.580257,0.671906
47.252163,0.671906
47.908443,0.656280
48.564723,0.656280
49.236629,0.671906
49.924160,0.687531
50.611692,0.687531
51.267972,0.656280
51.939878,0.671906
52.596158,0.656280
53.283689,0.687531
54.018098,0.734409
54.768132,0.750034
55.455663,0.687531
56.158821,0.703157
56.861978,0.703157
57.549509,0.687531
58.221415,0.671906
58.893321,0.671906
59.565227,0.671906
60.252758,0.687531
60.955915,0.703157
61.627821,0.671906
62.299727,0.671906
62.940381,0.640654
63.627913,0.687531
64.346695,0.718783
65.049853,0.703157
65.737384,0.687531
66.393664,0.656280
67.018693,0.625029
67.674973,0.656280
68.346879,0.671906
69.050036,0.703157
69.721941,0.671906
70.378222,0.656280
71.018876,0.640654
71.690782,0.671906
72.409564,0.718783
73.159599,0.750034
73.909633,0.750034
74.612790,0.703157
75.300322,0.687531
75.956602,0.656280
76.644133,0.687531
77.378542,0.734409
78.112951,0.734409
78.847359,0.734409
79.519265,0.671906
80.191171,0.671906
80.831825,0.640654
81.519356,0.687531
82.253765,0.734409
82.972548,0.718783
83.706957,0.734409
84.410114,0.703157
85.082020,0.671906
85.816428,0.734409
86.535211,0.718783
87.253994,0.718783
87.925900,0.671906
88.597806,0.671906
89.222834,0.625029
89.879114,0.656280
90.566646,0.687531
91.285429,0.718783
92.035463,0.750034
92.660491,0.625029
93.301146,0.640654
93.988677,0.687531
94.660583,0.671906
95.332489,0.671906
95.988769,0.656280
96.676300,0.687531
97.332580,0.656280
97.973235,0.640654
98.598263,0.625029
99.270169,0.671906
99.926449,0.656280
100.660858,0.734409
101.332763,0.671906
102.020295,0.687531
102.660949,0.640654
103.348481,0.687531
104.036012,0.687531
104.723544,0.687531
105.411075,0.687531
106.082981,0.671906
106.676758,0.593777
107.364290,0.687531
108.020570,0.656280
108.676850,0.656280
109.333130,0.656280
110.005035,0.671906
110.630064,0.625029
111.208215,0.578151
111.848870,0.640654
112.427021,0.578151
113.130178,0.703157
113.880213,0.750034
114.645873,0.765660
115.411533,0.765660
116.145941,0.734409
116.880350,0.734409
117.583507,0.703157
118.271039,0.687531
118.880442,0.609403
119.536722,0.656280
120.146125,0.609403
120.802405,0.656280
121.521188,0.718783
122.271222,0.750034
123.036882,0.765660
123.802542,0.765660
124.552576,0.750034
125.271359,0.718783
125.958891,0.687531
126.630796,0.671906
127.318328,0.687531
128.005859,0.687531
128.693391,0.687531
129.380922,0.687531
130.068454,0.687531
130.724734,0.656280
131.349762,0.625029
132.021668,0.671906
132.677948,0.656280
133.396731,0.718783
134.115514,0.718783
134.818671,0.703157
135.506203,0.687531
136.146857,0.640654
136.818763,0.671906
137.490669,0.671906
138.193826,0.703157
138.865731,0.671906
139.522012,0.656280
140.209543,0.687531
140.834572,0.625029
141.506477,0.671906
142.209635,0.703157
142.944043,0.734409
143.694077,0.750034
144.428486,0.734409
145.116018,0.687531
145.819175,0.703157
146.475455,0.656280
147.147361,0.671906
147.850518,0.703157
148.538049,0.687531
149.225581,0.687531
149.881861,0.656280
150.538141,0.656280
151.194421,0.656280
151.866327,0.671906
152.553858,0.687531
206.868844,0.671906
207.525124,0.656280
208.243907,0.718783
372.048280,0.703157
420.956769,0.593777
421.550546,0.593777
422.144323,0.593777
422.722475,0.578151
423.300626,0.578151
423.878778,0.578151
424.425678,0.546900
425.003829,0.578151
425.535104,0.531274
426.082004,0.546900
426.613278,0.531274
427.175804,0.562526
427.753955,0.578151
428.363358,0.609403
429.019638,0.656280
429.691544,0.671906
433.379213,0.578151
433.988616,0.609403
434.582393,0.593777
435.144918,0.562526
542.571711,0.687531
543.165488,0.593777
543.743639,0.578151
544.321791,0.578151
544.884316,0.562526
545.571848,0.687531
546.134374,0.562526
546.775028,0.640654
549.665785,0.546900
550.259562,0.593777
550.868965,0.609403
551.525245,0.656280
552.212777,0.687531
575.213830,0.734409
575.776356,0.562526
576.401384,0.625029
576.979536,0.578151
643.326323,0.625029
643.966977,0.640654
644.467000,0.500023
645.060777,0.593777
645.701432,0.640654
646.295209,0.593777
646.904612,0.609403
647.560892,0.656280
650.404772,0.562526
690.203469,0.531274
698.281963,0.562526
698.969495,0.687531
699.563272,0.593777
700.235178,0.671906
700.907084,0.671906
701.469609,0.562526
708.594935,0.593777
709.157461,0.562526
709.751238,0.593777
710.329390,0.578151
710.970044,0.640654
711.579447,0.609403
712.141973,0.562526
718.829779,0.546900
719.423556,0.593777
719.986082,0.562526
720.579859,0.593777
721.189262,0.609403
721.767413,0.578151
722.329939,0.562526
727.439548,0.640654
728.080202,0.640654
728.720857,0.640654
729.345885,0.625029
729.939662,0.593777
730.533440,0.593777
731.111591,0.578151
731.705368,0.593777
732.314771,0.609403
739.627606,0.625029
740.252635,0.625029
740.877663,0.625029
741.471440,0.593777
742.096469,0.625029
742.674620,0.578151
743.237146,0.562526
743.909052,0.671906
744.518455,0.609403
745.174735,0.656280
745.846641,0.671906
746.471669,0.625029
747.096698,0.625029
747.721726,0.625029
748.346755,0.625029
749.003035,0.656280
